discovered_links_counter = 3496
avg_size = 35.414240000000014
avg_out_degree = 11.653333333333334
avg_link_len = 38.516666666666666
avg_compressed_size = 1.7744733333333345
