discovered_links_counter = 3565
avg_size = 37.458823333333335
avg_out_degree = 11.883333333333333
avg_link_size = 47.44
avg_compressed_size = 1.7885799999999998
