discovered_links_counter = 3559
avg_size = 37.53281666666667
avg_out_degree = 11.863333333333333
avg_link_size = 0.04744666666666666
avg_compressed_size = 1.7892199999999987
